-2.84885E-11	-2.84885E-11	-2.84885E-11	-0.022494078	-0.040165678	-0.044072622	-0.096079324	-0.154685385	-0.167233379	-0.178285917	-0.181202207	-0.172004551	-0.16942765	-0.178141844	-0.186816877	-0.191899759	-0.201096185	-0.202387237	-0.201837219	-0.14804467	-0.051210842	-0.031795583	0.103655356	0.12699284	0.290604311	0.322410226	0.41029159	0.385635234	0.426934145	0.452062436	0.452062436	0.467207946	0.482714721	0.482714721	0.482279705	0.480926069	0.480903038	0.459026486	-0.363410959	3.757549841	0.766814791	0.024566249	-0.037866439	-0.033607135	-0.011278156	-0.000303108
-5.6977E-11	-5.6977E-11	-5.6977E-11	-0.040841642	-0.066546808	-0.084004338	-0.19102078	-0.308512645	-0.334466649	-0.356571833	-0.362404414	-0.379775269	-0.382121405	-0.373388861	-0.325118804	-0.296835642	-0.189090416	-0.173964563	-0.031664663	-0.29608934	-0.102421684	-0.063591166	0.207310711	0.253985679	0.581208622	0.644820452	0.82058318	0.771270468	0.853868289	0.904124872	0.904124872	0.934415892	0.965429443	0.965429443	0.96455941	0.973191648	0.961831851	0.901010709	-0.228310779	4.455516823	0.250703987	0.060416699	-0.0773008	-0.06680788	-0.02309488	-0.000613992
-5.6977E-11	-5.6977E-11	-5.6977E-11	-0.034818581	-0.050613299	-0.079939267	-0.176688466	-0.304429012	-0.334462861	-0.356571572	-0.362404414	-0.379775269	-0.382121405	-0.373388861	-0.325118804	-0.296835642	-0.189090416	-0.173964563	-0.031664663	-0.29608934	-0.102421684	-0.063591166	0.207310711	0.253985679	0.581208622	0.644820452	0.82058318	0.771270468	0.853868289	0.904124872	0.904124872	0.934415892	0.965429443	0.965429443	0.96455941	0.731251029	0.89832089	1.989442115	1.54245626	2.767412312	0.309430481	0.070593571	-0.077807553	-0.066213618	-0.023024215	-0.000629189
-5.6977E-11	-5.6977E-11	-5.6977E-11	-0.032026778	-0.047154566	-0.0798919	-0.159623814	-0.296736575	-0.334451651	-0.356571572	-0.362404414	-0.379775269	-0.382121405	-0.373388861	-0.325118804	-0.296835642	-0.189090416	-0.173964563	-0.031664663	0.297014512	0.656615438	0.71518618	1.12380745	1.17768261	1.555382452	1.607385021	1.517767292	0.771270468	0.853868289	0.904124872	0.904124872	0.934415892	0.965429443	0.965429443	0.96455941	0.961851877	2.107792975	12.27259651	27.52923023	20.82945257	2.073632664	0.071068048	-0.077800495	-0.065905652	-0.022623976	-0.000636247
-5.6977E-11	-5.6977E-11	-5.6977E-11	-0.033995124	-0.046429384	-0.080501982	-0.156725102	-0.290532171	-0.334426117	-0.356571833	-0.362404414	-0.379775269	-0.382121405	-0.373388861	-0.325118804	-0.296835642	-0.189090416	-0.173964563	-0.031664663	0.361428675	0.745902377	0.808474817	1.24501376	1.298323468	1.672061926	1.722633713	1.695676107	1.151923649	1.156191529	1.158788392	1.158788392	1.086483462	1.012456403	1.012456403	0.979228936	0.875814587	7.842011456	23.19282791	71.3087066	27.79443837	6.506644803	0.060837724	-0.077688138	-0.067943996	-0.022162254	-0.000644734
-5.6977E-11	-5.6977E-11	-5.6977E-11	-0.014451091	-0.045453123	-0.081403633	-0.155950435	-0.283582728	-0.334359963	-0.356571833	-0.362404414	-0.399182346	-0.413725659	-0.39867384	-0.335059333	-0.297785194	-0.159936526	-0.140584424	0.038298233	0.511728251	0.954238133	1.026147839	1.527828047	1.579819297	1.944314963	1.99154698	1.984760516	1.532576831	1.458514595	1.413452174	1.413452174	1.238551032	1.059482841	1.059482841	0.993897678	0.789721571	3.767014119	17.17900997	60.23039905	18.22987506	4.003135698	0.05517548	-0.07604548	-0.069444726	-0.022326867	-0.000672769
-5.6977E-11	-5.6977E-11	-5.6977E-11	-0.020212552	-0.06090563	-0.115452214	-0.21263668	-0.374044259	-0.464177416	-0.49837923	-0.507203419	-0.516963816	-0.487469034	-0.457672545	-0.358253691	-0.300000634	-0.091910555	-0.062697482	0.201545003	0.623570302	1.117505633	1.196034885	1.743895879	1.791421855	2.124609402	2.168357457	2.109756675	1.532576831	1.458514595	1.413452174	1.413452174	1.238551032	1.059482841	1.059482841	0.993897678	0.789692837	0.789724096	1.084418553	22.27079701	11.0533199	2.742601202	-0.023605435	-0.093592696	-0.087316119	-0.027439071	-0.000722604
-5.6977E-11	-5.6977E-11	-5.6977E-11	-0.014202273	-0.0769625	-0.153607803	-0.289390405	-0.483436208	-0.594726173	-0.640185559	-0.65200214	-0.589461482	-0.487469034	-0.457672545	-0.358253691	-0.300000634	-0.091910555	-0.062697482	0.201545003	0.635996959	1.135646583	1.214911514	1.767903629	1.814932418	2.144642098	2.188003201	2.123645157	1.532576831	1.458514595	1.413452174	1.413452174	1.238551032	1.059482841	1.059482841	0.993897678	0.789772247	0.789786527	1.202106755	-12.47981519	-3.679548044	-0.805142884	-0.097313464	-0.116396618	-0.103396727	-0.031061289	-0.000754754
-5.6977E-11	-5.6977E-11	-5.6977E-11	-5.6977E-11	-0.066329501	-0.159504959	-0.311159031	-0.502719554	-0.595435861	-0.640194136	-0.65200214	-0.589461482	-0.487469034	-0.457672545	-0.358253691	-0.300000634	-0.091910555	-0.062697482	0.201545003	0.624302716	1.120853414	1.198454207	1.739836016	1.786295871	2.112010819	2.15401045	2.09500443	1.532576831	1.458514595	1.413452174	1.413452174	1.238551032	1.059482841	1.059482841	0.993897678	0.789790358	1.516630805	0.24407428	-17.32852395	-9.040532623	-2.149149342	-0.095779108	-0.120263277	-0.09977667	-0.02965514	-0.000769609
-5.6977E-11	-5.6977E-11	-5.6977E-11	-5.6977E-11	-0.061459751	-0.156868282	-0.331413654	-0.521689307	-0.595698429	-0.640194136	-0.65200214	-0.589461482	-0.487469034	-0.457672545	-0.358253691	-0.300000634	-0.091910555	-0.062697482	0.201545003	0.519052957	0.987719853	1.050342708	1.487232903	1.528564858	1.81832774	1.848077079	1.804136419	1.399269037	1.331731612	1.290638759	1.290638759	1.133580516	0.972780401	0.972780401	0.914978949	0.123051187	6.397320757	8.770898383	-15.73185974	-13.59131299	-1.558783695	-0.094235152	-0.116375003	-0.095559477	-0.029726393	-0.000779638
-5.6977E-11	-5.6977E-11	-5.6977E-11	-5.6977E-11	-0.07468342	-0.135613637	-0.359115125	-0.537108488	-0.595923774	-0.640194136	-0.65200214	-0.620615482	-0.548823019	-0.519174032	-0.419597727	-0.361252113	-0.159543859	-0.131226696	0.116718505	0.519052957	0.987719853	1.050342708	1.487232903	1.528564858	1.81832774	1.848077079	1.671718685	0.866035339	0.824598113	0.799385796	0.799385796	0.713699149	0.713684207	0.315960901	4.015191098	17.80990808	30.40185519	-8.624528315	-30.7904739	-21.7277867	-8.0227735	-0.112863264	-0.108639345	-0.088754423	-0.029148838	-0.000790828
-5.6977E-11	-5.6977E-11	-5.6977E-11	-5.6977E-11	-0.05768047	-0.137694027	-0.378995313	-0.545727794	-0.596002749	-0.640194136	-0.65200214	-0.651769394	-0.61017683	-0.580675518	-0.480941829	-0.422504004	-0.227177272	-0.199755937	0.031892044	0.442057103	0.870337264	0.925612122	1.311239432	1.347158324	1.598972382	1.622146496	1.486974122	0.866035339	0.824598113	0.799385796	0.764915765	3.393224218	57.22450725	59.59435383	65.01942029	121.071761	47.31037317	-2.125812601	-31.96689555	-26.96554464	-6.836467514	-0.925685473	-0.114164732	-0.082601	-0.027984341	-0.000795253
-5.6977E-11	-5.6977E-11	-5.6977E-11	-5.6977E-11	-0.054197602	-0.153969961	-0.404238758	-0.548244942	-0.596005666	-0.640194136	-0.65200214	-0.651769394	-0.61017683	-0.580675518	-0.480941829	-0.422504004	-0.227177272	-0.199755937	0.031892044	0.262400255	0.596444557	0.634574274	0.900587708	0.923876323	1.08714304	1.094977514	1.05590397	0.866035339	0.824598113	1.254315398	-2.461253105	33.13060541	171.9220048	103.5787081	93.64167147	83.66108494	10.56941523	54.22484588	4.035845191	-17.43014409	-2.701091075	-1.711313433	-0.096794607	-0.077588298	-0.026932116	-0.000810177
-5.6977E-11	-5.6977E-11	-5.6977E-11	-5.6977E-11	-0.07515498	-0.160836892	-0.420409944	-0.54872454	-0.596007886	-0.640194136	-0.65200214	-0.651769394	-0.61017683	-0.580675518	-0.480941829	-0.422504004	-0.227177272	-0.199755937	0.031892044	0.262400255	0.596444557	0.634574274	0.900587708	0.923876323	1.08714304	1.094977514	1.05590397	0.866035339	3.258487657	2.743166478	10.03317792	35.24267329	31.92867888	75.58970396	77.76837708	23.98327654	21.34108144	-41.19809951	-42.94784516	-36.77254087	-3.113111325	-0.971110486	-0.144279644	-0.079028659	-0.026883752	-0.000821995
-5.6977E-11	-5.6977E-11	-5.6977E-11	-5.6977E-11	-0.075219093	-0.160867662	-0.424931685	-0.548997862	-0.596007886	-0.640194136	-0.65200214	-0.651769394	-0.61017683	-0.580675518	-0.480941829	-0.422504004	-0.227177272	-0.199755937	0.031892044	0.140013432	0.389678814	0.414822386	0.590237084	0.601535059	0.680741172	0.675237901	0.710129899	2.61338068	14.88874469	16.67752542	36.02096545	35.92050431	63.98257186	68.87703775	24.91165296	-7.086874877	17.66203679	-30.4603136	-43.30618262	-28.38348217	-2.572977404	-0.217418055	-0.159071021	-0.086628009	-0.026681101	-0.000831319
-5.6977E-11	-5.6977E-11	-5.6977E-11	-5.6977E-11	-0.081776245	-0.173822569	-0.444911092	-0.549047101	-0.596007886	-0.640194136	-0.65200214	-0.686984171	-0.67780664	-0.646803451	-0.545815041	-0.486641929	-0.308858259	-0.28389963	-0.094435224	0.017626563	0.182913179	0.195070542	0.279886373	0.279193903	0.274339261	0.25549855	5.981801534	20.55006588	25.61346018	22.52786435	15.73060702	32.57764654	78.93783036	51.49840861	10.88996909	-4.971480854	-21.52083877	-37.31786648	-38.75247483	-29.84727899	-4.098286794	-0.178162689	-0.174963366	-0.088687393	-0.026283153	-0.000868233
-5.6977E-11	-5.6977E-11	-5.6977E-11	-5.6977E-11	-0.096451267	-0.184224411	-0.446850032	-0.549095427	-0.596007886	-0.640194136	-0.65200214	-0.702076653	-0.706790869	-0.67514395	-0.573617734	-0.514129722	-0.343864213	-0.319961365	-0.148575499	0.017626563	0.182913179	0.195070542	0.279886373	0.279193903	0.274339261	0.25549855	0.366892034	-7.627592755	-2.246637702	6.840206298	6.397345556	12.37116539	-29.55914611	-85.61077906	-80.44306082	-70.29390221	-91.3336475	-68.24406208	-54.97039982	-24.8197617	-0.645575404	-0.461166357	-0.181642351	-0.098027473	-0.027484616	-0.000878497
-5.6977E-11	-5.6977E-11	-5.6977E-11	-5.6977E-11	-0.014352767	-0.163635917	-0.441060248	-0.548926157	-0.596007886	-0.640194136	-0.65200214	-0.702076653	-0.706790869	-0.67514395	-0.573617734	-0.514129722	-0.343864213	-0.319961365	-0.148575499	-0.096308718	-0.014325272	-0.014215727	-0.013452196	-0.027285281	-0.124265215	-0.39851545	17.86234292	-7.679729639	-0.795489282	1.586470298	3.857846891	24.29788877	-67.11660104	-127.2735435	-124.4316422	-115.896394	-99.55557031	-49.59575159	-41.74656971	-16.99646411	-2.979357019	-0.288994499	-0.166724731	-0.084288484	-0.028090488	-0.000881293
-5.6977E-11	-5.6977E-11	-5.6977E-11	-5.6977E-11	-0.024023654	-0.17236549	-0.552070753	-0.710619292	-0.796329362	-0.876633683	-0.910612415	-0.839485756	-0.706790869	-0.67514395	-0.573617734	-0.514129722	-0.343864213	-0.319961365	-0.148575499	-0.145138208	-0.098855895	-0.103909837	-0.13916864	-0.158633599	1.091659483	-10.90494212	-10.61261813	-9.654618339	-10.01675611	0.020781194	-39.48440442	-77.00670214	-160.9356402	-68.7612855	-61.38258715	-117.8140955	-91.69938221	-13.98841614	-2.006829064	-9.385702766	-2.223447771	-0.188082818	-0.125359594	-0.098300642	-0.034884166	-0.000959451
-5.6977E-11	-5.6977E-11	-5.6977E-11	-5.6977E-11	-0.033976564	-0.213715579	-0.65756227	-0.872301369	-0.996650489	-1.113073011	-1.169222255	-0.976894946	-0.706790869	-0.67514395	-0.573617734	-0.514129722	-0.343864213	-0.319961365	-0.148575499	-0.145138208	0.476442443	-3.319878475	-4.109699375	-0.158633599	-2.690823968	-5.576786031	-12.6585075	-1.60301368	-2.75581775	-2.548766084	-29.65033999	-63.57690907	-88.18283208	-44.10015814	-27.19725327	-96.49553427	-66.54076586	-1.268615776	-2.16197696	-5.58322731	-3.095525901	-0.579701433	-0.245054586	-0.145366306	-0.039586888	-0.001040637
-5.6977E-11	-5.6977E-11	-5.6977E-11	-5.6977E-11	-0.054689411	-0.214000438	-0.606029241	-0.867925431	-0.996650489	-1.801261996	-2.000670376	-1.369128997	-0.719305819	-0.685509808	-0.586252017	-0.528093522	-0.368770382	-0.346403565	-0.277261545	2.354070845	9.353727202	-30.6651384	-9.055175363	11.66548036	-0.612695703	-2.568459738	-0.900601825	0.350655543	-0.681786023	-9.199262589	-18.70674618	-56.4526415	-90.515777	-34.08499915	-31.8893136	-62.88052975	-17.2088904	-2.60420784	-3.99253107	-0.989612731	-3.760442974	-0.670887302	-0.186887461	-0.04590169	-0.03662606	-0.00103763
-5.6977E-11	-5.6977E-11	-5.6977E-11	-5.6977E-11	-0.058203931	-0.208692058	-0.564011587	-0.855535736	-1.235015012	-6.59426313	-5.821080295	-7.323413319	-14.4093927	-12.93115186	-1.08961825	-0.690237626	-0.37102299	-0.373605155	0.882437931	37.89390172	36.55881674	1.528573451	5.351414301	-3.930594737	-12.59318857	-7.327344835	-1.0783125	1.975235859	-3.89922757	-1.181617087	-1.498242405	-8.555470382	-32.99141794	-37.89857952	-37.96590188	-66.56556225	-46.4677134	-30.93329671	-16.62118449	-7.664847044	-0.796735511	-0.780837615	-0.792496737	-0.018680011	-0.033995595	-0.001044191
-5.6977E-11	-5.6977E-11	-5.6977E-11	-5.6977E-11	-0.018835704	-0.095074623	-0.498999842	-0.834175439	0.255143307	-5.692109092	-4.040110812	-11.09105664	-28.99637358	-33.97463129	-22.85455481	-5.923703452	2.999635686	-5.086145208	96.53179276	148.6376022	76.78594441	21.67997687	24.3674659	6.934328996	-17.45983939	-4.142906788	-0.725620674	-4.641508563	-1.229028127	-1.229028127	-1.714038744	-1.714034913	-1.611682767	-19.5734421	-42.08229089	-40.31866078	-30.77906532	-21.14686824	-2.815889456	-3.764367831	-0.648977381	-0.852163431	-0.47342008	-0.059645102	-0.032139951	-0.001059504
-5.6977E-11	-5.6977E-11	-5.6977E-11	-5.6977E-11	-5.6977E-11	-0.0227881	-0.321360235	-0.798419286	-0.994359426	-1.55543629	-1.089556701	-1.758113422	-19.47844199	-36.54978486	-63.67971677	-39.81804437	44.80832634	69.37357031	196.7610679	107.0006817	122.7333764	-1.875198606	4.651582212	13.40146665	-1.917571987	-1.44048147	-1.034369627	-0.924257702	-1.229028127	-1.229028127	-1.714038744	-1.714038744	-1.611682767	-5.471188971	-11.88128658	-8.405004459	-30.86738036	-11.85329629	-1.547667215	-1.047604967	-0.751193016	-0.787642966	-0.078684601	-0.086604341	-0.032412255	-0.001064523
-5.6977E-11	-5.6977E-11	-5.6977E-11	-5.6977E-11	-0.009380012	-0.038019385	-0.103432895	-0.745646035	-0.98926444	-1.438327202	-1.913433676	-1.631273655	-2.410192439	-60.97440061	-81.68061504	-31.16255152	-19.21297458	53.94322704	52.89470963	173.9301401	86.34430467	-12.76377423	-4.198299817	-7.333466617	-0.084475029	-0.242150421	-0.597756659	-0.96905812	-1.229028127	-1.229028127	-1.714038744	-1.714038744	-1.611682767	-1.57663382	4.589159608	-2.885166163	-15.55586276	-3.486302811	-2.625900307	-1.295056575	-0.779605901	-0.903941475	-5.6977E-11	-0.085673592	-0.032345625	-0.00107903
-5.6977E-11	-5.6977E-11	-5.6977E-11	-0.016440042	-0.041425422	-0.027762914	-0.106086671	-0.627052261	-0.981319209	-1.113073011	-1.169222255	-1.750184635	-2.185726244	-5.797984697	-38.68314714	-21.51934436	-17.67188754	0.147345021	11.67449981	234.0228499	197.6282053	-22.5895857	-21.05796252	-4.075655134	-0.617716083	0.242815462	-0.113702277	-0.445041005	-1.033402495	-1.033402495	-1.656836179	-1.656836179	-1.809958986	-1.862391173	-0.245937561	-3.956047366	-3.2210379	-3.590644071	-3.520976624	-3.234903422	-1.188758406	-0.244726256	-5.6977E-11	-0.049805295	-0.030106937	-0.001085045
-5.6977E-11	-5.6977E-11	-5.6977E-11	-0.032469051	-0.031110512	-0.040874392	-0.147195785	-0.501298089	-0.959052482	-1.113043058	-1.169221123	-1.750184635	-2.185726244	-2.115138131	-1.755287283	-10.41824301	-25.43978155	-13.79876585	2.113384294	42.13085748	57.52942506	23.63367834	-4.978879362	-0.261677354	0.305029858	0.242815462	-0.113702277	-0.445041005	-1.033402495	-1.033402495	-1.656836179	-1.656836179	-1.809958986	-1.862381247	-1.808286489	-2.757672308	-3.946168419	-3.696398439	-2.396886591	-0.083356614	-0.110737444	-5.6977E-11	-5.6977E-11	-0.046464551	-0.029852104	-0.001105646
-5.6977E-11	-5.6977E-11	-5.6977E-11	-0.04046694	-0.038925964	-0.072291369	-0.213681163	-0.48216146	-0.942216756	-1.112434854	-1.169205015	-1.850138792	-2.404364992	-2.355360169	-1.943944729	-1.702882437	-4.199246634	-23.28005619	12.79749327	29.69001949	55.67926996	43.2472846	-0.991228893	0.815325716	0.392640426	0.296907368	-0.08396872	-0.445041005	-1.033402495	-1.033402495	-1.656836179	-1.656836179	-1.809958986	-1.862390302	-1.827212662	-2.91256078	-4.004537587	-3.784433077	-0.385146653	-5.6977E-11	-5.6977E-11	-5.6977E-11	-5.6977E-11	-0.034965623	-0.033225081	-0.001112301
-5.6977E-11	-5.6977E-11	-5.6977E-11	-0.033991641	-0.053397853	-0.104611961	-0.250733483	-0.446772189	-0.908412953	-1.109344461	-1.16916679	-1.950099044	-2.623003565	-2.595581511	-2.091664312	-1.796401033	-0.88442375	-2.337195473	-5.27625357	-2.98782615	-1.505478279	-0.99074454	0.78046772	1.397767987	0.922795747	0.783733826	0.226819663	-0.284119554	-0.964467287	-0.964467287	-1.706228824	-1.706228824	-1.812828387	-1.849330233	-1.814430355	-2.904858483	-4.004491264	-3.812955535	-3.318849288	-0.711981679	-5.6977E-11	-5.6977E-11	-5.6977E-11	-0.02521165	-0.041757214	-0.001113313
-5.6977E-11	-5.6977E-11	-5.6977E-11	-0.042618915	-0.080155148	-0.135514102	-0.263058222	-0.432533849	-0.871397639	-1.102927534	-1.169173059	-1.950091904	-2.623003565	-2.595581511	-2.091664312	-1.796401033	-0.88442375	-0.756393969	0.311427281	0.993912045	0.792232319	0.746634748	1.465517958	1.397767987	0.922795747	0.783733826	0.237616512	-0.243889028	-0.947234073	-0.947234073	-1.718576985	-1.718576985	-1.813545868	-1.846065868	-1.810684826	-2.90279468	-4.004338712	-3.815696243	-3.814640222	-1.669987458	-5.6977E-11	-5.6977E-11	-5.6977E-11	-0.003059304	-0.05165203	-0.001130274
-5.6977E-11	-5.6977E-11	-5.6977E-11	-0.032425537	-0.130296169	-0.178345758	-0.317534533	-0.501055373	-1.0073676	-1.361704206	-1.464552493	-2.411421905	-3.099192213	-2.957204816	-2.35492881	-2.002033697	-0.892001969	-0.736168494	0.454006731	0.993912045	1.697563325	1.668471735	1.465517958	1.397767987	0.922795747	0.783733826	0.237616512	-0.243889028	-0.947234073	-0.947234073	-1.718576985	-1.718576985	-1.813545868	-1.846065868	-1.810684826	-2.678138148	-3.574828471	-3.479130788	-3.468173955	-2.73350845	0.002830931	-5.6977E-11	-5.6977E-11	-0.006569342	-0.070602262	-0.001224134
-5.6977E-11	-5.6977E-11	-5.6977E-11	-5.6977E-11	-0.175016513	-0.227099276	-0.379022523	-0.615125533	-1.192226402	-1.637669162	-1.760064975	-2.771885572	-3.416652125	-3.198287135	-2.530438417	-2.139122893	-0.897054724	-0.722685119	0.54905964	1.348353835	2.114189732	2.079000076	1.833496194	1.750585519	1.169326656	0.986005997	0.287369834	-0.256734942	-0.998391512	-0.998391512	-1.805276029	-1.805276029	-1.714679252	-1.683658126	-1.640980371	-2.364592513	-3.145607661	-3.142732512	-2.224705545	-3.32759323	-0.118381398	-0.011314297	-5.6977E-11	-0.064807804	-0.086455196	-0.001300918
-5.6977E-11	-5.6977E-11	-5.6977E-11	-5.6977E-11	-0.158148809	-0.251918045	-0.392779916	-0.629176014	-1.263154883	-1.641833512	-1.760002282	-2.771885572	-3.416652125	-3.198287135	-2.530438417	-2.139122893	-0.897054724	-0.722685119	0.54905964	1.387735879	2.16048171	2.12461393	1.874382335	1.78978767	1.130823536	-1.475830772	-0.086758603	-0.265797821	-1.03249711	-0.554232282	-1.863075392	-1.863075392	-1.648768175	-1.575385717	-1.527844417	-2.305304203	-3.145769616	-3.142745399	-2.421928501	-1.963877117	-2.163230951	-0.613611422	-0.248840626	-0.131067189	-0.090051401	-0.001319272
-5.6977E-11	-5.6977E-11	-5.6977E-11	-5.6977E-11	-0.078142229	-0.274275959	-0.413109183	-0.608797986	-1.213074623	-1.643231207	-1.759960313	-3.045360938	-3.979859376	-3.786566166	-3.07320338	-2.655219332	-1.236016165	-1.036779009	0.394931576	1.387735879	2.16048171	2.12461393	1.874382335	-0.529038155	-8.747466549	-14.78291882	2.679275127	-0.06694527	-0.166956465	-0.724874065	-2.120888056	-1.863075392	-1.672250044	-1.550556012	-1.527844417	-1.702082541	-3.145769616	-3.14275132	-3.142284957	-2.459607022	-3.529336345	-1.770933767	-0.661827102	-0.429828841	-0.097641652	-0.001483816
-5.6977E-11	-5.6977E-11	-5.6977E-11	-5.6977E-11	-0.0238836	-0.289530636	-0.437789266	-0.629900852	-1.157695192	-1.639436742	-1.759573884	-3.113404258	-4.120660492	-3.933635489	-3.20889436	-2.784243137	-1.320756678	-1.115302775	0.356399473	1.091725514	1.782438714	1.774416162	1.718444983	-12.52656916	-27.80823971	-3.265605607	0.810027766	-0.022434487	-0.042529722	-1.285839023	-12.8860317	-6.25371176	-17.63374123	-20.20915918	-1.406116008	-8.669574081	-34.40498669	-2.771077814	-3.142478259	-3.78695486	-3.871997254	-3.075252729	-0.985056205	-0.642926136	-0.106239517	-0.001603164
-5.6977E-11	-5.6977E-11	-5.6977E-11	-5.6977E-11	-5.6977E-11	-0.213166148	-0.471967657	-0.66075284	-1.123169118	-1.625568636	-1.759614111	-3.113622985	-4.120660492	-3.933635489	-3.20889436	-2.784243137	-1.320756678	-1.115302775	0.356399473	0.894384981	1.53040976	1.540950461	1.614486864	-7.194416627	-7.43169786	17.25924717	4.740455573	-0.014093846	-0.083679306	-0.948568654	-9.653732743	-34.94458418	-51.69199402	-86.88153713	-15.00997026	-59.94028845	-50.95426505	-11.61302948	-3.142528413	-3.78938315	-3.974405823	-3.708889446	-2.138752833	-0.555676225	-0.115003974	-0.001613531
-5.6977E-11	-5.6977E-11	-5.6977E-11	-5.6977E-11	-5.6977E-11	-0.148936264	-0.515930652	-0.676375683	-1.096437118	-1.612714233	-1.781816491	-3.303032045	-4.562715853	-4.481056068	-3.796130954	-3.394807267	-1.884168637	-1.672095362	-0.352418933	0.894384981	1.53040976	1.540950461	1.614486864	1.299975601	-13.05245578	15.06003005	3.066401601	-0.011413922	-0.06956265	-0.214790516	-3.537754936	-16.44469309	-14.63125336	-118.8169184	-240.6707821	-132.2299182	-20.09465163	-3.843288893	-2.38296229	-3.666146038	-4.126027319	-4.060701023	-3.992096954	-0.693987229	-0.128400374	-0.001690854
-5.6977E-11	-5.6977E-11	-5.6977E-11	-5.6977E-11	-5.6977E-11	-0.15486136	-0.522893962	-0.681233918	-1.052867998	-1.609270498	-1.803652816	-3.341451759	-4.611832651	-4.541882086	-3.861379232	-3.462647881	-1.946770246	-1.733960857	-0.431176556	0.537720654	1.181023163	2.136737246	-4.258867172	7.789542323	8.11778033	14.07867374	1.602782595	0.008887455	-0.036925463	-0.184214245	-2.461772108	-13.81517316	-8.068902795	-49.47437481	-230.4521589	-149.0729889	-21.9943896	-13.72525855	-12.06705389	-3.542454057	-4.232824712	-4.380839299	-4.879638665	-0.97494338	-0.141759354	-0.001929876
-5.6977E-11	-5.6977E-11	-5.6977E-11	-5.6977E-11	-5.6977E-11	-0.146426572	-0.490277137	-0.691716498	-1.033135964	-1.584431202	-1.803640625	-3.341430861	-4.611832651	-4.541882086	-3.861379232	-3.463258235	-2.003930886	-6.384476931	-12.30397274	-6.030729779	-13.23185681	-10.69615002	0.407450095	27.42900886	13.76439744	17.22683981	0.989136827	0.016337053	-0.037210119	-0.329624232	-4.107449934	-8.778596312	-13.3573986	-50.30966579	-161.4764326	-148.3370343	-80.87162725	-67.66434672	-34.75249683	-3.329137531	-4.232835161	-4.348780056	-4.184979323	-1.158614595	-0.145523451	-0.002303099
-5.6977E-11	-5.6977E-11	-5.6977E-11	-5.6977E-11	-5.6977E-11	-0.124690642	-0.468042061	-0.688781835	-1.069541072	-1.590898283	-1.80357445	-3.25246914	-4.539712925	-4.992689708	-4.667548345	-5.870197235	-15.44250084	-17.11870317	-19.5244212	-26.14721925	-0.462899447	-27.75091247	-10.57035382	61.83229562	24.41770756	9.579747095	1.391948343	0.043429496	0.04961448	-0.106221651	-0.990271976	-0.936375578	-4.897760507	-19.53103043	-61.52609213	-117.7075133	-49.37791708	-61.14543482	-52.23764485	-10.85561919	-6.584326506	-4.297605385	-1.723422885	-1.275351451	-0.144822492	-0.002413053
-5.6977E-11	-5.6977E-11	-5.6977E-11	-5.6977E-11	-5.6977E-11	-0.132760888	-0.460747221	-0.705020154	-1.119241258	-1.613703381	-1.803508971	-2.814936521	-3.668788876	-4.730897997	-10.85167482	-20.91208858	-22.34074254	-23.55133382	-7.198435371	0.940485116	-31.91325636	-71.15085846	-21.04794652	77.804112	2.058360646	10.07930306	2.29863544	0.170995343	0.143653416	0.056786661	-0.206871571	-0.678561752	-9.275075574	-29.66816467	-54.30561075	-118.4124168	-75.10827477	-24.00828535	-23.26372654	-23.80463718	-6.589600383	-3.868644114	-1.51950053	-1.061145151	-0.144281432	-0.002582933
-5.6977E-11	-5.6977E-11	-5.6977E-11	-5.6977E-11	-5.6977E-11	-0.124622355	-0.451420143	-0.745293563	-1.27779254	-1.630542242	-1.803510016	-2.377386313	-2.797865698	-3.220940497	-26.54430586	-44.61069648	-31.13914683	-24.37224634	-19.73578506	-1.526552755	12.21253644	-22.49624005	31.75547293	19.87269149	21.55484945	12.59643317	1.593087995	0.279978509	0.320580418	0.572355446	1.171539235	-1.275312525	5.788612977	-8.623365718	-46.58415115	-94.23461222	-115.3138162	-76.1285936	-58.01094608	-28.4660948	-6.452839781	-4.164870555	-1.689058563	-0.925307889	-0.144368374	-0.00252332
-5.6977E-11	-5.6977E-11	-5.6977E-11	-5.6977E-11	-5.6977E-11	-0.085095569	-0.348448973	-0.590983691	-1.024685884	-1.22733778	-1.34103013	-1.996052482	-2.533463331	-2.543113798	-4.42944477	-28.91892687	-35.19517867	-24.58010988	-28.81557172	-3.996287398	7.164920688	6.128706305	4.311124389	3.38432607	16.13870752	5.798872597	1.047082045	0.234741757	0.228979977	1.928698577	4.477161296	0.346107742	16.62043393	4.820890012	-20.47263033	-83.50802583	-101.6716259	-80.89590775	-50.54792366	-32.33206839	-7.419138622	-4.395697424	-2.004434123	-0.854137258	-0.144252219	-0.002673728
-5.6977E-11	-5.6977E-11	-5.6977E-11	-5.6977E-11	-5.6977E-11	-0.029173169	-0.246549563	-0.417327867	-0.688141936	-0.80464265	-0.878529522	-1.433766115	-1.916525113	-1.931165383	-1.805494582	-1.731858917	-1.875904022	-4.238707432	13.66794949	5.214724816	29.8679486	-0.313391701	-4.216546556	-0.221257264	22.36065919	11.92238271	2.536634891	0.139011079	0.123962366	0.306825916	1.349087388	4.94683003	17.75490083	4.174093977	-17.80567358	-73.80991824	-92.76015346	-90.31609617	-54.28108744	-19.04455191	-6.811780517	-4.319829034	-1.89326741	-0.743980242	-0.144174724	-0.002630391
-5.6977E-11	-5.6977E-11	-5.6977E-11	-5.6977E-11	-5.6977E-11	-0.019908379	-0.260636549	-0.43099244	-0.69280713	-0.804694372	-0.878519769	-1.433766115	-1.916525113	-1.931165383	-1.805494582	-1.731858917	-1.502159037	-6.139111704	-2.639384919	2.864786264	1.944584193	1.054423729	4.296342625	-2.872758726	-0.656708294	2.732204309	0.657512666	0.140949099	-0.05281621	0.222922441	2.500875992	3.339329484	15.91772161	-3.448662195	-17.98833763	-57.21930285	-94.74373089	-101.7752839	-84.24738942	-19.73445295	-4.493200304	-4.12589671	-1.877151255	-0.680159786	-0.144369909	-0.002678611
-5.6977E-11	-5.6977E-11	-5.6977E-11	-5.6977E-11	-5.6977E-11	-5.6977E-11	-0.229656151	-0.432489529	-0.695239338	-0.804583005	-0.878529957	-1.433766115	-1.916525113	-1.931165383	-1.805494582	-1.731858917	10.03735475	18.13431508	16.95753417	-1.260387736	-0.762852082	-0.7432854	-0.695716599	1.446359091	-0.171832646	0.079121424	-0.065721379	0.162699412	0.049186612	0.653748868	3.367020242	8.396948487	9.402894922	8.381966247	-8.336159615	-37.88570472	-83.97520427	-89.84125957	-81.24677087	-24.51754569	-3.5008116	-4.138595078	-2.041701862	-0.80069189	-0.140711932	-0.002755534
-5.6977E-11	-5.6977E-11	-5.6977E-11	-5.6977E-11	-5.6977E-11	-5.6977E-11	-0.172808594	-0.431211341	-0.695976977	-0.804715704	-0.87855991	-1.388655195	-1.830965157	-1.848571827	-1.740708313	-1.677506423	-1.402695706	-1.139699219	-0.610682288	-0.686416542	-1.084059613	-1.074588864	-1.054667012	-0.994962928	-0.607324774	-0.305515454	-0.623513874	-0.236817213	-0.096980459	0.946359777	1.064577124	2.372426657	0.771292943	0.529067416	-6.806744372	-39.18752118	-71.10031272	-89.24814136	-95.33418612	-37.78989981	-4.282313413	-3.582724942	-1.987165993	-0.845476461	-0.133955028	-0.002749436
-5.6977E-11	-5.6977E-11	-5.6977E-11	-5.6977E-11	-5.6977E-11	-5.6977E-11	-0.150956389	-0.411594375	-0.692031092	-0.804849187	-0.878578369	-0.982651947	-1.06092773	-1.105232964	-1.157633544	-1.188336245	-1.249560012	-1.254028757	-1.27557784	-1.178569273	-1.119748893	-1.111400253	-1.092164188	-1.034513807	-1.034513807	-0.882843202	-0.831223051	-0.381716279	-0.01321961	0.224489555	0.165722612	-0.101840412	-0.432794042	-0.670137461	-8.317579559	-35.28218615	-76.45900446	-93.0600019	-91.438457	-46.76514252	-2.388411659	-1.333244395	-1.902628099	-0.820206241	-0.128102943	-0.00273417
-5.6977E-11	-5.6977E-11	-5.6977E-11	-5.6977E-11	-5.6977E-11	-5.6977E-11	-0.174197788	-0.40669809	-0.692250255	-0.80483273	-0.87854354	-0.982651947	-1.06092773	-1.105232964	-1.157633544	-1.188336245	-1.249560012	-1.258154633	-1.27557784	-1.178569273	-1.119748893	-1.111400253	-1.092164188	-1.034513807	-1.034513807	-0.882843202	-0.831984684	-0.788329449	-0.407928523	-0.106875804	0.208896652	0.17130762	-1.205976535	-0.95026629	-5.68210739	-19.9373908	-69.18857868	-74.0127651	-74.11486786	-49.13366461	-8.780740604	-0.960256262	-1.576717236	-0.732103233	-0.123261536	-0.002672268
-5.6977E-11	-5.6977E-11	-5.6977E-11	-5.6977E-11	-5.6977E-11	-5.6977E-11	-0.1768477	-0.402712544	-0.696653403	-0.804775872	-0.878486856	-0.982651947	-1.06092773	-1.105232964	-1.157633544	-1.188336245	-1.249560012	-1.258154633	-1.27557784	-1.432967918	-1.469380687	-1.474549163	-1.45217673	-1.385129873	-1.385129873	-1.143668003	-1.06270097	-0.463229556	-0.286654324	-2.82878423	-0.774575825	-3.004586085	-0.720309271	-0.470769194	-7.203036948	-15.50362975	-55.94665038	-57.95616817	-66.30547094	-49.86194625	-14.66120371	-1.215374829	-1.076852586	-0.552247424	-0.120891955	-0.002592246
-5.6977E-11	-5.6977E-11	-5.6977E-11	-5.6977E-11	-5.6977E-11	-0.014775532	-0.213348958	-0.383903222	-0.689168526	-0.804808176	-0.877898765	-0.982651947	-1.06092773	-1.105232964	-1.157633544	-1.188336245	-1.249560012	-1.258154633	-1.27557784	-1.687365517	-1.819012133	-1.837697811	-1.812190317	-1.735745678	-1.735745678	-2.197068689	-2.047051322	-4.433455748	-13.14423429	-10.22967793	-8.699095667	-2.778863994	-5.552154459	-4.826259872	-11.25850436	-13.29834039	-32.70611867	-36.03311502	-44.70504556	-40.94130622	-21.06628907	-2.548244658	-0.932191614	-0.400981882	-0.116894763	-0.002476472
-5.6977E-11	-5.6977E-11	-5.6977E-11	-5.6977E-11	-5.6977E-11	-0.04858494	-0.222002854	-0.381519253	-0.652642126	-0.80448261	-0.878390205	-0.865539981	-0.88360657	-0.979024227	-1.128870741	-1.216671432	-1.458330174	-1.492255792	-1.692431769	-1.687365517	-1.819012133	-1.837697811	-1.812190317	-1.841916526	-4.608840595	-15.91403733	-35.27019898	-36.2264103	-60.918296	-40.06591741	-15.67006902	-8.427491054	-1.656113502	-5.972800598	-1.69683882	-4.448007813	-4.681694413	-0.677019305	-22.24618745	-33.42643565	-20.65879819	-2.148362899	-0.87941575	-0.411394281	-0.111345996	-0.00224646
-5.6977E-11	-5.6977E-11	-5.6977E-11	-5.6977E-11	-5.6977E-11	-0.005260291	-0.202590465	-0.398889563	-0.643311782	-0.802680636	-0.878214492	-0.836261881	-0.83927652	-0.947472392	-1.121680258	-1.223754554	-1.51052352	-1.550781169	-1.796645708	-1.687365517	-1.819012133	-1.837697811	-1.812190317	-2.285376132	-22.15289707	-12.04403848	-19.79412995	-67.80998168	-85.07100808	-49.94098429	-31.65071773	-2.410110348	-0.903493226	-2.642604206	-5.283346527	-6.209157107	-24.19424458	-5.043404628	-38.73583573	-40.0168002	-32.29952219	-3.053397438	-0.772879924	-0.355100889	-0.106074623	-0.002197663
-5.6977E-11	-5.6977E-11	-5.6977E-11	-5.6977E-11	-5.6977E-11	-5.6977E-11	-0.110929309	-0.392432234	-0.675587456	-0.80486904	-0.878316106	-0.836261881	-0.83927652	-0.947472392	-1.121680258	-1.223754554	-1.51052352	-1.550781169	-1.796645708	-2.285282129	-2.626984365	-2.67548399	-2.695907122	-2.757115041	-2.757115041	-2.426861329	-2.316120751	-29.64121061	-117.3039572	-61.41745303	-23.99347896	-9.097400875	-0.79338597	-4.485244204	-0.524363474	-10.49048929	-40.62534599	4.535357171	-46.43403057	-42.62124796	-36.71901785	-7.973676724	-0.73610615	-0.340624251	-0.102135236	-0.002122728
-5.6977E-11	-5.6977E-11	-5.6977E-11	-5.6977E-11	-5.6977E-11	-5.6977E-11	-0.076509813	-0.277674154	-0.470415495	-0.53946442	-0.595444742	-0.689035435	-0.83927652	-0.947472392	-1.121680258	-1.223754554	-1.51052352	-1.550781169	-1.796645708	-2.285282129	-2.626984365	-2.67548399	-2.695907122	-2.816983203	-2.704108306	-3.639383863	7.074044093	92.57463645	-35.00143993	-101.4530538	-63.66869254	-27.3313551	-3.726728909	-2.341443047	-4.079350434	-22.12479315	-29.91734172	-0.160723051	-43.10453555	-31.89036466	-26.99895766	-9.416660313	-0.566802492	-0.371806223	-0.078139345	-0.001844927
-5.6977E-11	-5.6977E-11	-5.6977E-11	-5.6977E-11	-5.6977E-11	-5.6977E-11	-0.044099797	-0.140275544	-0.238585437	-0.273836654	-0.312305716	-0.516246944	-0.802376403	-0.923476222	-1.125373631	-1.243672314	-1.596762993	-1.646332222	-1.974151027	-2.285282129	-2.626984365	-3.552824499	9.719705645	-4.739049006	-19.4105056	4.70049373	59.6743495	-55.54979733	-263.731558	-254.7858922	-102.1104634	-101.415906	-5.392636171	-1.228162138	-4.727639655	-37.06984955	-25.69707105	-41.04091309	-34.16872049	-28.68039388	-24.52511684	-9.711294623	-0.307487448	-0.180226032	-0.05545291	-0.001565324
-5.6977E-11	-5.6977E-11	-5.6977E-11	-5.6977E-11	-5.6977E-11	-5.6977E-11	-0.021309146	-0.14250017	-0.237492846	-0.273805787	-0.312313161	-0.499205508	-0.777776035	-0.90747866	-1.127836054	-1.256950937	-1.654256556	-1.710032866	-2.092488545	-2.439529048	-2.64547785	70.45125681	36.48631749	-60.21326887	-62.53097548	11.01924404	-142.8490684	-294.0889594	-324.2943044	-302.0081645	-215.7907218	-186.84191	-42.51797279	-1.60533286	-25.97080241	-21.12260321	-17.61371845	-40.59694838	-21.64130947	-30.82195287	-25.78096679	-9.212551474	-0.409693747	-0.219206833	-0.054659224	-0.001455598
-5.6977E-11	-5.6977E-11	-5.6977E-11	-5.6977E-11	-5.6977E-11	-5.6977E-11	-0.03238566	-0.155736029	-0.24125209	-0.273831778	-0.312311746	-0.499205508	-0.777776035	-0.90747866	-1.127836054	-1.256950937	-1.654256556	-1.710032866	-2.092488545	-2.542360966	-1.763033873	-11.93150374	-94.30104545	-27.2401816	-15.93602029	-21.63342588	-121.8122055	-209.8937562	-279.4246002	-226.0121948	-201.5422682	-197.5172095	-20.48824761	-5.879698231	-21.13249305	-28.51514998	-11.62867424	-11.94132843	-13.74420829	-17.50752837	-18.82460198	-7.593721649	-0.48644928	-0.157997651	-0.054803477	-0.001394527
-5.6977E-11	-5.6977E-11	-5.6977E-11	-5.6977E-11	-5.6977E-11	-5.6977E-11	-0.052012931	-0.16699592	-0.242816986	-0.27383254	-0.312310723	-0.499205508	-0.777776035	-0.811061614	-1.551913653	-1.073602816	-0.343638455	-1.692573973	-2.092488545	-2.542360966	11.90607796	96.12347772	-68.09260242	-22.82335954	-3.275712737	-12.80817802	-35.25939247	-30.48930803	-170.4206979	-267.993029	-224.8173355	-210.2722044	-73.86508524	-28.61486236	-25.39474474	-42.99429518	1.500609595	-7.493618187	-1.619574311	-25.53288762	-17.81311053	-6.2252001	-0.450935712	-0.149036061	-0.055301774	-0.001291749
-5.6977E-11	-5.6977E-11	-5.6977E-11	-5.6977E-11	-5.6977E-11	-5.6977E-11	-0.040752096	-0.176019865	-0.243253047	-0.273850782	-0.312316731	-0.480156475	-0.734367826	6.807031104	-4.08605686	-4.141103149	-2.303348812	-0.902814558	-2.013800733	-2.805662727	-48.26561624	-11.44326563	-72.71713967	-66.96570828	-21.10776816	-3.504899353	-2.461965097	-1.70502447	-57.27291476	-158.3570989	-155.4792736	-166.5536922	-147.1948142	-66.25716505	-29.71216559	-30.90104396	-8.63015704	-16.96601607	18.83473605	-17.82389625	-16.48935567	-2.237419182	-0.315392561	-0.157004279	-0.054870833	-0.001188501
-5.6977E-11	-5.6977E-11	-5.6977E-11	-5.6977E-11	-5.6977E-11	-5.6977E-11	-0.058366082	-0.186804512	-0.243359255	-0.273906987	-0.312316862	-0.435710313	-0.633082454	-1.651555586	-11.20934704	-1.342926203	3.414281054	-0.578433029	-2.101765008	-4.989103583	-31.28874218	-8.286918124	-18.41781934	-15.31265833	-21.45745469	-9.842926687	-30.48316067	-31.85329075	-8.021570625	-60.69775642	-70.72666307	-60.78173468	-49.2555123	-65.05312695	-49.28468912	0.909299587	6.418805589	-6.443801209	28.6665804	-1.822837985	0.419066047	-0.236003355	-0.290294832	-0.162785454	-0.055000953	-0.000943077
-5.6977E-11	-5.6977E-11	-5.6977E-11	-5.6977E-11	-5.6977E-11	-5.6977E-11	-0.051165118	-0.19569479	-0.243418268	-0.273916217	-0.312316557	-0.4357104	-0.633082454	-0.743444395	-1.826633172	-1.419606072	0.380125078	-3.842894387	-10.79023623	-7.466573183	-8.290674768	4.944681887	-5.685061585	-5.27225823	-8.995477737	-7.38061228	-3.509386195	-1.367408789	-1.116911883	-0.697658992	-1.735274569	-20.26519315	-18.89660703	-63.32149757	-39.37430022	-30.06081382	1.116532005	-0.135368231	12.30374995	5.662593067	1.381954366	-0.250590139	-0.300554614	-0.158351918	-0.053999576	-0.000802817
-5.6977E-11	-5.6977E-11	-5.6977E-11	-5.6977E-11	-5.6977E-11	-5.6977E-11	-0.048810051	-0.200174583	-0.243451008	-0.273917632	-0.312316862	-0.435710269	-0.633082454	-0.856450925	-1.10603542	-5.612887943	-5.663487949	-13.52463138	-13.39052281	-27.92183554	-6.19863045	-3.919794953	-6.185389849	-3.882045819	-2.725558134	-2.532087927	-2.173731076	-1.367408789	-1.116911883	-0.96449872	-1.330687927	-21.76371448	-13.24553772	-35.0289342	-36.27195608	-19.06857599	-7.515691815	68.79656695	11.84122188	-7.270270348	-0.190485134	-0.362610144	-0.33479339	-0.149077736	-0.050113337	-0.000756993
-5.6977E-11	-5.6977E-11	-5.6977E-11	-5.6977E-11	-5.6977E-11	-5.6977E-11	-0.046277861	-0.197884021	-0.243461086	-0.273917697	-0.312317079	-0.430663783	-0.643738281	-3.860054144	-7.908693586	-7.736748643	-5.489480425	-14.33719251	-11.83353182	-17.93187503	6.235610979	-0.293698903	-7.12100166	-2.494486176	-2.562550393	-2.532087927	-2.173731076	-1.367408789	-1.116911883	-0.96449872	-0.720217502	-9.630170611	-1.911466419	-3.180482628	-13.46483716	27.16884121	6.135980468	34.32222669	31.94377222	16.06335174	7.792638391	0.014170496	-0.35657401	-0.142153065	-0.0463202	-0.000737521
-5.6977E-11	-5.6977E-11	-5.6977E-11	-5.6977E-11	-5.6977E-11	-5.6977E-11	-0.058561746	-0.195804458	-0.243449767	-0.27390838	-0.312317079	-0.939101792	-1.67684661	-13.33331775	-18.447933	-7.614707836	-10.09345432	-14.71246144	-17.16622503	-8.140145617	-0.841370601	0.733621766	-5.652149085	-2.390754099	-2.448620159	-2.007164469	-2.081676002	-1.367408789	-1.116911883	-0.96449872	-0.96449872	-3.184066899	-3.115807208	2.725454965	0.802178222	6.190783261	6.407736842	16.67533689	27.24537344	17.08461256	10.99145804	1.368021478	-0.323341776	-0.136452639	-0.044766699	-0.000721486
-5.6977E-11	-5.6977E-11	-5.6977E-11	-5.6977E-11	-5.6977E-11	-5.6977E-11	-0.083262167	-0.195486011	-0.243434072	-0.273901023	-0.312317079	-4.318894544	-7.178011918	-30.17423008	-27.54976843	-19.90615839	-25.90091895	-16.84815614	-13.74669588	-5.067139608	0.847533264	-4.62387539	-1.455212528	-1.457169318	-1.423237779	-1.371534044	-1.19920791	-1.150104434	-0.911757511	-0.76673658	-0.76673658	-0.423623196	-0.072334606	0.395249156	0.335330086	2.730874742	0.9456153	10.92868186	25.37659675	21.39867801	9.417385746	0.999585989	-0.291195057	-0.130136532	-0.04634186	-0.000707136
-5.6977E-11	-5.6977E-11	-5.6977E-11	-5.6977E-11	-5.6977E-11	-5.6977E-11	-0.082991903	-0.232372675	-0.288612779	-0.315232542	-0.337360888	-0.332735465	-1.885236847	-11.58553895	-16.6222874	-29.59511385	-26.95477109	-10.42567722	-0.675266897	-1.402405633	-2.04774945	-0.888019168	-1.46200857	-1.457169318	-1.423237779	-1.371534044	-0.983355322	-0.280887864	-0.091138958	0.02431312	0.02431312	0.221627025	0.423642614	0.423631947	0.251736365	0.515668112	0.533718622	8.019149796	34.95083979	31.56472812	7.829764145	-0.084435166	-0.192940912	-0.099765677	-0.036541265	-0.000653099
-5.6977E-11	-5.6977E-11	-5.6977E-11	-5.6977E-11	-5.6977E-11	-0.010673399	-0.09471487	-0.268919558	-0.334320606	-0.356571833	-0.362404414	-0.33101399	-0.327824138	-0.359301374	-0.407034583	-5.371161239	-2.317856463	-0.56695487	-0.690157022	-1.725289389	-6.360327592	-1.364485751	-1.46200857	-1.457169318	-1.423237779	-1.371534044	-0.983355322	-0.280887864	-0.091138958	0.02431312	0.02431312	0.221627025	0.423642614	0.423642614	0.373137678	-0.862255656	11.72161029	7.089511279	26.46726366	30.26315139	7.94937889	0.071901897	-0.109386736	-0.072133228	-0.025034136	-0.000601225
-5.6977E-11	-5.6977E-11	-5.6977E-11	-5.6977E-11	-5.6977E-11	-0.021218273	-0.113192226	-0.266015088	-0.334371718	-0.356571833	-0.362404414	-0.334662258	-0.32801744	-0.352736902	-0.387889509	-0.408486786	-0.297874526	1.741486595	-0.516024865	-1.503027286	-1.519249576	-0.941839556	-0.928662809	-0.906248581	-0.749110754	-0.690285628	-0.455120612	-0.280887864	-0.091138958	0.02431312	0.02431312	0.221627025	0.423642614	0.423642614	0.47606618	1.907175048	16.44183741	29.95090462	19.77675138	26.10578541	4.14310267	0.070018368	-0.096921777	-0.069877342	-0.023541262	-0.000600655
-5.6977E-11	-5.6977E-11	-5.6977E-11	-0.012398239	-0.01756292	-0.04097319	-0.136418158	-0.276124234	-0.334441637	-0.356571833	-5.825948563	-10.12164101	-0.328038882	-0.352007448	-0.385762317	-0.405540673	4.553106201	0.47664135	-0.61652546	-0.792888501	-0.796900909	-0.784763203	-0.700085774	-0.670140042	-0.460199489	-0.398322326	-0.228734463	-0.280887864	-0.091138958	0.02431312	0.02431312	0.221627025	0.423642614	0.423642614	0.47607319	0.639241906	0.612242938	4.489759486	34.7698688	17.45029957	3.696191077	0.05185824	-0.088775097	-0.067006101	-0.022303768	-0.000599229
-5.6977E-11	-5.6977E-11	-5.6977E-11	-0.026944342	-0.051456785	-0.072325942	-0.150729586	-0.290219557	-0.334465582	-0.356571833	-0.52263161	-5.974019763	-13.38494321	-2.262840217	-0.385762317	-0.405540673	-0.455467728	-0.462476925	-0.496676823	-0.792888501	-0.796900909	-0.784763203	-0.700085774	-0.670140042	-0.460199489	-0.398322326	-0.228734463	-0.280887864	-0.091138958	0.02431312	0.02431312	0.221627025	0.423642614	0.423642614	0.47607319	0.610490284	0.639176993	-1.358053584	18.57232919	14.43986014	3.599078284	0.04128123	-0.080703028	-0.067057208	-0.022314898	-0.000595165
-8.54655E-11	-8.54655E-11	-8.54655E-11	-0.071885864	-0.127648357	-0.131729379	-0.251971138	-0.454628475	-0.501700148	-0.534857739	-0.543606871	-0.502601266	-8.022947758	3.858064437	-0.560604684	-0.6083109	-0.683201723	-0.693715301	-0.745015452	-0.742213707	-0.570320021	-0.52809017	-0.23347184	-0.173496971	0.246967992	0.341344976	0.731925517	1.051689901	1.186301873	1.268205984	1.268205984	1.330345323	1.393965599	1.393965599	1.397990633	1.410518251	1.410411848	1.140172015	4.160768743	17.68415737	3.574601013	0.066816217	-0.114099994	-0.100873136	-0.033163907	-0.000897347
