   1.0000000e+00   4.0020000e+01   1.1108000e+02   2.7730000e+01   1.1295000e+02   3.7030000e+01   1.1243000e+02   3.5160000e+01   1.1250000e+02   3.2750000e+01   1.1227000e+02   3.0360000e+01   1.1232000e+02   0.0000000e+00   0.0000000e+00   0.0000000e+00   0.0000000e+00
   2.0000000e+00   4.3350000e+01   1.1667000e+02   3.2390000e+01   1.1909000e+02   4.2620000e+01   1.1688000e+02   3.9960000e+01   1.1746000e+02   3.8300000e+01   1.1761000e+02   3.6570000e+01   1.1753000e+02   3.5320000e+01   1.1740000e+02   3.4270000e+01   1.1741000e+02
   3.0000000e+00   3.6280000e+01   1.1949000e+02   3.1180000e+01   1.2153000e+02   3.5210000e+01   1.1926000e+02   3.4250000e+01   1.1978000e+02   3.2160000e+01   1.2070000e+02   3.1400000e+01   1.2076000e+02   0.0000000e+00   0.0000000e+00   0.0000000e+00   0.0000000e+00
   4.0000000e+00   4.3350000e+01   1.1667000e+02   3.7060000e+01   1.1534000e+02   4.1620000e+01   1.1454000e+02   3.8870000e+01   1.1541000e+02   0.0000000e+00   0.0000000e+00   0.0000000e+00   0.0000000e+00   0.0000000e+00   0.0000000e+00   0.0000000e+00   0.0000000e+00
   5.0000000e+00   3.7380000e+01   1.0996000e+02   3.6280000e+01   1.1949000e+02   3.7030000e+01   1.1243000e+02   3.7060000e+01   1.1534000e+02   3.6570000e+01   1.1753000e+02   0.0000000e+00   0.0000000e+00   0.0000000e+00   0.0000000e+00   0.0000000e+00   0.0000000e+00
   6.0000000e+00   4.0020000e+01   1.1108000e+02   3.8300000e+01   1.1761000e+02   3.9080000e+01   1.1296000e+02   3.8870000e+01   1.1541000e+02   0.0000000e+00   0.0000000e+00   0.0000000e+00   0.0000000e+00   0.0000000e+00   0.0000000e+00   0.0000000e+00   0.0000000e+00
   7.0000000e+00   3.5210000e+01   1.1926000e+02   3.7060000e+01   1.1534000e+02   3.5320000e+01   1.1740000e+02   3.5460000e+01   1.1568000e+02   0.0000000e+00   0.0000000e+00   0.0000000e+00   0.0000000e+00   0.0000000e+00   0.0000000e+00   0.0000000e+00   0.0000000e+00
   8.0000000e+00   3.5460000e+01   1.1568000e+02   2.7720000e+01   1.2001000e+02   3.3150000e+01   1.1435000e+02   3.0600000e+01   1.1442000e+02   2.8400000e+01   1.1602000e+02   0.0000000e+00   0.0000000e+00   0.0000000e+00   0.0000000e+00   0.0000000e+00   0.0000000e+00
   9.0000000e+00   3.2190000e+01   1.1695000e+02   3.1180000e+01   1.2153000e+02   3.0480000e+01   1.1844000e+02   3.0020000e+01   1.2055000e+02   0.0000000e+00   0.0000000e+00   0.0000000e+00   0.0000000e+00   0.0000000e+00   0.0000000e+00   0.0000000e+00   0.0000000e+00
   1.0000000e+01   3.2750000e+01   1.1227000e+02   3.2160000e+01   1.2070000e+02   3.3150000e+01   1.1435000e+02   3.2190000e+01   1.1695000e+02   3.2390000e+01   1.1909000e+02   0.0000000e+00   0.0000000e+00   0.0000000e+00   0.0000000e+00   0.0000000e+00   0.0000000e+00
   1.1000000e+01   3.0020000e+01   1.2055000e+02   2.6100000e+01   1.1941000e+02   2.8900000e+01   1.2027000e+02   2.7720000e+01   1.2001000e+02   0.0000000e+00   0.0000000e+00   0.0000000e+00   0.0000000e+00   0.0000000e+00   0.0000000e+00   0.0000000e+00   0.0000000e+00
   1.2000000e+01   3.0360000e+01   1.1232000e+02   3.0480000e+01   1.1844000e+02   3.0600000e+01   1.1442000e+02   0.0000000e+00   0.0000000e+00   0.0000000e+00   0.0000000e+00   0.0000000e+00   0.0000000e+00   0.0000000e+00   0.0000000e+00   0.0000000e+00   0.0000000e+00
   1.3000000e+01   2.8400000e+01   1.1602000e+02   2.7730000e+01   1.1295000e+02   0.0000000e+00   0.0000000e+00   0.0000000e+00   0.0000000e+00   0.0000000e+00   0.0000000e+00   0.0000000e+00   0.0000000e+00   0.0000000e+00   0.0000000e+00   0.0000000e+00   0.0000000e+00
   1.4000000e+01   2.9790000e+01   1.0127000e+02   3.0900000e+01   1.0476000e+02   2.9500000e+01   1.0462000e+02   0.0000000e+00   0.0000000e+00   0.0000000e+00   0.0000000e+00   0.0000000e+00   0.0000000e+00   0.0000000e+00   0.0000000e+00   0.0000000e+00   0.0000000e+00
   1.5000000e+01   3.1390000e+01   1.0213000e+02   2.9500000e+01   1.0462000e+02   3.0900000e+01   1.0476000e+02   3.0040000e+01   1.0633000e+02   2.9640000e+01   1.0711000e+02   0.0000000e+00   0.0000000e+00   0.0000000e+00   0.0000000e+00   0.0000000e+00   0.0000000e+00
   1.6000000e+01   4.5630000e+01   8.8990000e+01   3.0750000e+01   1.1861000e+02   0.0000000e+00   0.0000000e+00   0.0000000e+00   0.0000000e+00   0.0000000e+00   0.0000000e+00   0.0000000e+00   0.0000000e+00   0.0000000e+00   0.0000000e+00   0.0000000e+00   0.0000000e+00
   1.7000000e+01   2.8840000e+01   1.0433000e+02   3.0980000e+01   1.2099000e+02   0.0000000e+00   0.0000000e+00   0.0000000e+00   0.0000000e+00   0.0000000e+00   0.0000000e+00   0.0000000e+00   0.0000000e+00   0.0000000e+00   0.0000000e+00   0.0000000e+00   0.0000000e+00
   1.8000000e+01   2.8470000e+01   1.0223000e+02   3.1530000e+01   1.1994000e+02   0.0000000e+00   0.0000000e+00   0.0000000e+00   0.0000000e+00   0.0000000e+00   0.0000000e+00   0.0000000e+00   0.0000000e+00   0.0000000e+00   0.0000000e+00   0.0000000e+00   0.0000000e+00
   1.9000000e+01   4.2710000e+01   9.4480000e+01   3.4580000e+01   1.1310000e+02   0.0000000e+00   0.0000000e+00   0.0000000e+00   0.0000000e+00   0.0000000e+00   0.0000000e+00   0.0000000e+00   0.0000000e+00   0.0000000e+00   0.0000000e+00   0.0000000e+00   0.0000000e+00
   2.0000000e+01   2.8450000e+01   1.0398000e+02   2.8590000e+01   1.1963000e+02   0.0000000e+00   0.0000000e+00   0.0000000e+00   0.0000000e+00   0.0000000e+00   0.0000000e+00   0.0000000e+00   0.0000000e+00   0.0000000e+00   0.0000000e+00   0.0000000e+00   0.0000000e+00
   2.1000000e+01   3.9420000e+01   9.7610000e+01   2.7150000e+01   1.1267000e+02   0.0000000e+00   0.0000000e+00   0.0000000e+00   0.0000000e+00   0.0000000e+00   0.0000000e+00   0.0000000e+00   0.0000000e+00   0.0000000e+00   0.0000000e+00   0.0000000e+00   0.0000000e+00
   2.2000000e+01   3.8800000e+01   1.1321000e+02   3.2600000e+01   1.1858000e+02   0.0000000e+00   0.0000000e+00   0.0000000e+00   0.0000000e+00   0.0000000e+00   0.0000000e+00   0.0000000e+00   0.0000000e+00   0.0000000e+00   0.0000000e+00   0.0000000e+00   0.0000000e+00
   2.3000000e+01   4.2870000e+01   1.1718000e+02   3.2500000e+01   1.2039000e+02   0.0000000e+00   0.0000000e+00   0.0000000e+00   0.0000000e+00   0.0000000e+00   0.0000000e+00   0.0000000e+00   0.0000000e+00   0.0000000e+00   0.0000000e+00   0.0000000e+00   0.0000000e+00
   2.4000000e+01   3.8220000e+01   1.0760000e+02   3.5470000e+01   1.1899000e+02   0.0000000e+00   0.0000000e+00   0.0000000e+00   0.0000000e+00   0.0000000e+00   0.0000000e+00   0.0000000e+00   0.0000000e+00   0.0000000e+00   0.0000000e+00   0.0000000e+00   0.0000000e+00
   2.5000000e+01   4.3430000e+01   1.2128000e+02   3.6850000e+01   1.1940000e+02   0.0000000e+00   0.0000000e+00   0.0000000e+00   0.0000000e+00   0.0000000e+00   0.0000000e+00   0.0000000e+00   0.0000000e+00   0.0000000e+00   0.0000000e+00   0.0000000e+00   0.0000000e+00
   2.6000000e+01   3.6900000e+01   1.0686000e+02   2.9530000e+01   1.2085000e+02   0.0000000e+00   0.0000000e+00   0.0000000e+00   0.0000000e+00   0.0000000e+00   0.0000000e+00   0.0000000e+00   0.0000000e+00   0.0000000e+00   0.0000000e+00   0.0000000e+00   0.0000000e+00
   2.7000000e+01   3.6140000e+01   1.0022000e+02   3.3320000e+01   1.1403000e+02   0.0000000e+00   0.0000000e+00   0.0000000e+00   0.0000000e+00   0.0000000e+00   0.0000000e+00   0.0000000e+00   0.0000000e+00   0.0000000e+00   0.0000000e+00   0.0000000e+00   0.0000000e+00
   2.8000000e+01   2.5520000e+01   1.0042000e+02   2.2770000e+01   1.1387000e+02   0.0000000e+00   0.0000000e+00   0.0000000e+00   0.0000000e+00   0.0000000e+00   0.0000000e+00   0.0000000e+00   0.0000000e+00   0.0000000e+00   0.0000000e+00   0.0000000e+00   0.0000000e+00
   2.9000000e+01   2.3140000e+01   1.0071000e+02   2.1890000e+01   1.1228000e+02   0.0000000e+00   0.0000000e+00   0.0000000e+00   0.0000000e+00   0.0000000e+00   0.0000000e+00   0.0000000e+00   0.0000000e+00   0.0000000e+00   0.0000000e+00   0.0000000e+00   0.0000000e+00
   3.0000000e+01   2.5540000e+01   1.0157000e+02   2.3040000e+01   1.1372000e+02   0.0000000e+00   0.0000000e+00   0.0000000e+00   0.0000000e+00   0.0000000e+00   0.0000000e+00   0.0000000e+00   0.0000000e+00   0.0000000e+00   0.0000000e+00   0.0000000e+00   0.0000000e+00
   3.1000000e+01   2.6790000e+01   1.0335000e+02   2.4850000e+01   1.0993000e+02   0.0000000e+00   0.0000000e+00   0.0000000e+00   0.0000000e+00   0.0000000e+00   0.0000000e+00   0.0000000e+00   0.0000000e+00   0.0000000e+00   0.0000000e+00   0.0000000e+00   0.0000000e+00
   3.2000000e+01   2.4850000e+01   1.0993000e+02   2.3710000e+01   1.1420000e+02   0.0000000e+00   0.0000000e+00   0.0000000e+00   0.0000000e+00   0.0000000e+00   0.0000000e+00   0.0000000e+00   0.0000000e+00   0.0000000e+00   0.0000000e+00   0.0000000e+00   0.0000000e+00
   3.3000000e+01   3.8950000e+01   1.1058000e+02   3.0820000e+01   1.1416000e+02   0.0000000e+00   0.0000000e+00   0.0000000e+00   0.0000000e+00   0.0000000e+00   0.0000000e+00   0.0000000e+00   0.0000000e+00   0.0000000e+00   0.0000000e+00   0.0000000e+00   0.0000000e+00
   3.4000000e+01   2.8150000e+01   1.0156000e+02   2.8090000e+01   1.1592000e+02   0.0000000e+00   0.0000000e+00   0.0000000e+00   0.0000000e+00   0.0000000e+00   0.0000000e+00   0.0000000e+00   0.0000000e+00   0.0000000e+00   0.0000000e+00   0.0000000e+00   0.0000000e+00
   3.5000000e+01   2.7650000e+01   1.0300000e+02   3.0980000e+01   1.2052000e+02   0.0000000e+00   0.0000000e+00   0.0000000e+00   0.0000000e+00   0.0000000e+00   0.0000000e+00   0.0000000e+00   0.0000000e+00   0.0000000e+00   0.0000000e+00   0.0000000e+00   0.0000000e+00
   3.6000000e+01   2.7260000e+01   1.0316000e+02   2.9880000e+01   1.2012000e+02   0.0000000e+00   0.0000000e+00   0.0000000e+00   0.0000000e+00   0.0000000e+00   0.0000000e+00   0.0000000e+00   0.0000000e+00   0.0000000e+00   0.0000000e+00   0.0000000e+00   0.0000000e+00
   3.7000000e+01   3.6050000e+01   1.0794000e+02   3.5680000e+01   1.1529000e+02   0.0000000e+00   0.0000000e+00   0.0000000e+00   0.0000000e+00   0.0000000e+00   0.0000000e+00   0.0000000e+00   0.0000000e+00   0.0000000e+00   0.0000000e+00   0.0000000e+00   0.0000000e+00
   3.8000000e+01   4.3930000e+01   9.2990000e+01   3.0130000e+01   1.0768000e+02   0.0000000e+00   0.0000000e+00   0.0000000e+00   0.0000000e+00   0.0000000e+00   0.0000000e+00   0.0000000e+00   0.0000000e+00   0.0000000e+00   0.0000000e+00   0.0000000e+00   0.0000000e+00
   3.9000000e+01   3.0100000e+01   9.9460000e+01   3.0310000e+01   1.1428000e+02   0.0000000e+00   0.0000000e+00   0.0000000e+00   0.0000000e+00   0.0000000e+00   0.0000000e+00   0.0000000e+00   0.0000000e+00   0.0000000e+00   0.0000000e+00   0.0000000e+00   0.0000000e+00
